-0.0209692 -0.0166053 -0.0131496 -0.010413 -0.00824595 -0.00652989 -0.00517095 -0.00409482 -0.00324264 -0.00256782 
-0.0697069 -0.0552002 -0.0437125 -0.0346154 -0.0274116 -0.021707 -0.0171895 -0.0136122 -0.0107794 -0.00853606 
-0.0465 -0.0368229 -0.0291597 -0.0230912 -0.0182857 -0.0144803 -0.0114668 -0.00908041 -0.00719068 -0.00569423 
0.00392149 0.00310539 0.00245912 0.00194735 0.00154209 0.00122116 0.000967028 0.000765779 0.000606412 0.000480212 
0.0325154 0.0257486 0.02039 0.0161466 0.0127864 0.0101254 0.00801819 0.00634952 0.00502812 0.00398171 
0.0253649 0.0200862 0.015906 0.0125958 0.00997451 0.00789871 0.00625491 0.0049532 0.00392238 0.0031061 
0.00131521 0.00104151 0.000824757 0.000653116 0.000517196 0.000409562 0.000324328 0.000256832 0.000203383 0.000161056 
-0.0147806 -0.0117046 -0.00926875 -0.00733982 -0.00581233 -0.00460272 -0.00364485 -0.00288632 -0.00228564 -0.00180998 
-0.0134728 -0.010669 -0.00844864 -0.00669039 -0.00529806 -0.00419547 -0.00332235 -0.00263093 -0.00208341 -0.00164983 
-0.00226019 -0.00178982 -0.00141734 -0.00112238 -0.000888798 -0.00070383 -0.000557355 -0.000441364 -0.000349512 -0.000276775 
