1.00011 0.791978 0.627159 0.496641 0.393284 0.311438 0.246624 0.195299 0.154656 0.12247 
0.66996 0.530534 0.420124 0.332692 0.263455 0.208628 0.16521 0.130828 0.103601 0.0820409 
-0.0538615 -0.0426523 -0.0337759 -0.0267468 -0.0211805 -0.0167726 -0.0132821 -0.0105179 -0.00832905 -0.00659569 
-0.466215 -0.36919 -0.292358 -0.231515 -0.183335 -0.145181 -0.114967 -0.0910412 -0.0720946 -0.057091 
-0.365173 -0.289177 -0.228996 -0.18134 -0.143601 -0.113716 -0.0900505 -0.0713101 -0.0564697 -0.0447178 
-0.0201276 -0.0159388 -0.0126218 -0.00999506 -0.00791498 -0.00626779 -0.0049634 -0.00393046 -0.00311249 -0.00246475 
0.211772 0.1677 0.1328 0.105163 0.0832775 0.0659466 0.0522224 0.0413544 0.0327481 0.0259329 
0.19384 0.1535 0.121555 0.0962579 0.0762256 0.0603623 0.0478003 0.0378525 0.029975 0.0237369 
0.0330721 0.0261895 0.0207392 0.0164231 0.0130053 0.0102988 0.00815549 0.00645825 0.00511422 0.0040499 
-0.0932542 -0.0738471 -0.0584787 -0.0463087 -0.0366714 -0.0290397 -0.0229962 -0.0182105 -0.0144207 -0.0114196 
