                -inf            -11.4135
            -4.96756            -5.07505
            -4.38371            -4.44302
            -4.01319            -4.04595
            -3.73441            -3.75166
            -3.50761             -3.5137
            -3.31454            -3.30893
            -3.14523            -3.13463
            -2.99361             -2.9721
             -2.8557             -2.8336
            -2.72874            -2.70275
            -2.61073            -2.58451
            -2.50017            -2.47352
            -2.39591            -2.36968
            -2.29706            -2.26979
            -2.20289            -2.17675
             -2.1128            -2.08986
            -2.02632            -2.00366
            -1.94302            -1.91781
            -1.86258            -1.83694
            -1.78469            -1.75819
            -1.70909            -1.68283
            -1.63557            -1.60807
            -1.56394            -1.53555
            -1.49402            -1.46622
            -1.42566            -1.39989
            -1.35873            -1.33412
             -1.2931            -1.26844
            -1.22866            -1.20411
            -1.16533            -1.14287
              -1.103             -1.0821
            -1.04159            -1.02153
            -0.98103           -0.963261
           -0.921246           -0.903721
           -0.862174           -0.844809
           -0.803752           -0.790091
           -0.745924           -0.734905
           -0.688637           -0.678367
           -0.631839           -0.622448
           -0.575483           -0.566256
           -0.519524           -0.512872
           -0.463919           -0.458106
           -0.408625           -0.403973
           -0.353603           -0.349034
           -0.298815           -0.295014
           -0.244221           -0.241875
           -0.189787           -0.188947
           -0.135475           -0.137748
            -0.08125          -0.0848158
          -0.0270776           -0.032671
           0.0270774           0.0184213
             0.08125           0.0700947
            0.135475            0.121983
            0.189787            0.173595
            0.244221            0.226265
            0.298815            0.278153
            0.353603             0.33329
            0.408625             0.38841
            0.463919            0.443948
            0.519524            0.498915
            0.575483            0.553348
            0.631839            0.608506
            0.688636            0.663368
            0.745924            0.721287
            0.803752            0.779772
            0.862174            0.838751
            0.921247            0.899341
             0.98103            0.957449
             1.04159             1.01862
               1.103             1.07931
             1.16533             1.14059
             1.22866             1.20312
              1.2931               1.267
             1.35872             1.33302
             1.42566             1.39676
             1.49402             1.46472
             1.56394             1.53513
             1.63557               1.606
             1.70909                1.68
             1.78469              1.7549
             1.86258             1.83321
             1.94302             1.91281
             2.02632              1.9941
              2.1128             2.07926
             2.20289             2.16956
             2.29706             2.26657
             2.39591             2.36611
             2.50017             2.47389
             2.61073             2.58465
             2.72874             2.70391
              2.8557              2.8354
             2.99361             2.97988
             3.14523             3.13425
             3.31454             3.31171
             3.50761             3.50987
             3.73441             3.74994
             4.01319             4.04454
              4.3837             4.43229
             4.96756             5.02352
                 inf             9.81164
