-0.238833 -0.18913 -0.14977 -0.118601 -0.093919 -0.0743734 -0.0588955 -0.0466388 -0.0369327 -0.0292467 
-0.348025 -0.275597 -0.218243 -0.172824 -0.136858 -0.108376 -0.0858218 -0.0679614 -0.053818 -0.0426179 
-0.148042 -0.117233 -0.0928355 -0.0735154 -0.0582161 -0.0461007 -0.0365067 -0.0289093 -0.0228929 -0.0181287 
0.0915602 0.0725056 0.0574164 0.0454674 0.0360052 0.0285121 0.0225785 0.0178796 0.0141587 0.0112121 
0.171185 0.13556 0.107348 0.0850081 0.0673171 0.0533077 0.0422138 0.0334287 0.0264718 0.0209628 
0.0890702 0.0705338 0.0558549 0.044231 0.035026 0.0277368 0.0219644 0.0173934 0.0137737 0.0109072 
-0.0311293 -0.024651 -0.0195208 -0.0154584 -0.0122413 -0.00969377 -0.0076764 -0.00607886 -0.00481378 -0.00381198 
-0.0824929 -0.0653253 -0.0517304 -0.0409648 -0.0324396 -0.0256886 -0.0203425 -0.016109 -0.0127566 -0.0101018 
-0.05107 -0.0404418 -0.0320254 -0.0253606 -0.0200828 -0.0159034 -0.0125937 -0.00997281 -0.00789737 -0.00625384 
0.00802886 0.00635797 0.00503481 0.00398701 0.00315727 0.00250021 0.00197989 0.00156785 0.00124157 0.000983185 
