-0.124059 -0.0982409 -0.077796 -0.0616058 -0.048785 -0.0386323 -0.0305925 -0.0242259 -0.0191842 -0.0151918 
-0.00238854 -0.00189146 -0.00149783 -0.00118612 -0.000939272 -0.0007438 -0.000589007 -0.000466429 -0.00036936 -0.000292492 
0.075752 0.0599873 0.0475033 0.0376173 0.0297888 0.0235894 0.0186802 0.0147927 0.0117142 0.00927632 
0.0663203 0.0525184 0.0415887 0.0329337 0.0260798 0.0206524 0.0163544 0.0129509 0.0102557 0.00812135 
0.00924832 0.00732365 0.00579952 0.00459258 0.00363682 0.00287996 0.00228061 0.00180599 0.00143014 0.00113252 
-0.0336748 -0.0266667 -0.0211171 -0.0167224 -0.0132423 -0.0104864 -0.0083041 -0.00657593 -0.00520741 -0.0041237 
-0.0346157 -0.0274118 -0.0217071 -0.0171896 -0.0136123 -0.0107794 -0.00853612 -0.00675966 -0.00535291 -0.00423891 
-0.00850423 -0.00673441 -0.00533291 -0.00422307 -0.00334421 -0.00264825 -0.00209712 -0.00166068 -0.00131508 -0.0010414 
0.0144299 0.0114269 0.00904882 0.00716567 0.00567442 0.00449351 0.00355836 0.00281783 0.00223141 0.00176703 
0.0176808 0.0140013 0.0110875 0.00878005 0.00695283 0.00550587 0.00436004 0.00345267 0.00273414 0.00216513 
