-2.46144 -1.94919 -1.54354 -1.22232 -0.967939 -0.7665 -0.606984 -0.480664 -0.380633 -0.301419 
-0.546703 -0.432929 -0.342832 -0.271485 -0.214986 -0.170245 -0.134815 -0.106759 -0.0845412 -0.0669473 
1.07572 0.85185 0.674571 0.534186 0.423016 0.334982 0.265269 0.210064 0.166347 0.131729 
1.26334 1.00043 0.792229 0.627358 0.496799 0.39341 0.311537 0.246703 0.195361 0.154705 
0.406498 0.321901 0.25491 0.201861 0.159851 0.126585 0.100241 0.0793799 0.0628601 0.0497782 
-0.444382 -0.351901 -0.278667 -0.220673 -0.174749 -0.138382 -0.109583 -0.0867778 -0.0687184 -0.0544174 
-0.635176 -0.502989 -0.398312 -0.315419 -0.249777 -0.197796 -0.156632 -0.124036 -0.0982225 -0.0777814 
-0.264866 -0.209744 -0.166094 -0.131528 -0.104156 -0.08248 -0.0653151 -0.0517223 -0.0409584 -0.0324345 
0.171661 0.135937 0.107647 0.0852445 0.0675042 0.0534559 0.0423312 0.0335216 0.0265454 0.021021 
0.312988 0.247852 0.196272 0.155425 0.12308 0.0974656 0.077182 0.0611196 0.0484 0.0383274 
