0.173654 0.137515 0.108897 0.0862343 0.068288 0.0540766 0.0428227 0.0339108 0.0268536 0.0212651 
0.171131 0.135517 0.107315 0.0849813 0.0672958 0.0532909 0.0422005 0.0334181 0.0264635 0.0209561 
0.0375436 0.0297304 0.0235432 0.0186436 0.0147637 0.0116912 0.00925815 0.00733143 0.00580568 0.00459746 
-0.0751878 -0.0595404 -0.0471494 -0.0373372 -0.0295669 -0.0234137 -0.0185411 -0.0146825 -0.0116269 -0.00920723 
-0.0878829 -0.0695935 -0.0551104 -0.0436414 -0.0345591 -0.027367 -0.0216717 -0.0171616 -0.0135901 -0.0107618 
-0.0280536 -0.0222154 -0.0175921 -0.013931 -0.0110318 -0.008736 -0.00691795 -0.00547825 -0.00433817 -0.00343535 
0.0311043 0.0246312 0.0195052 0.015446 0.0122315 0.00968599 0.00767024 0.00607398 0.00480992 0.00380893 
0.0442087 0.0350084 0.0277228 0.0219534 0.0173847 0.0137667 0.0109017 0.00863297 0.00683636 0.00541364 
0.0183251 0.0145114 0.0114915 0.00909996 0.00720617 0.00570649 0.00451891 0.00357848 0.00283376 0.00224402 
-0.0120417 -0.00953569 -0.00755121 -0.00597973 -0.00473528 -0.00374982 -0.00296944 -0.00235147 -0.00186211 -0.00147458 
