1.09621 0.868076 0.68742 0.544361 0.431074 0.341363 0.270322 0.214065 0.169516 0.134238 
-0.0296133 -0.0234504 -0.0185702 -0.0147055 -0.0116451 -0.00922166 -0.00730254 -0.0057828 -0.00457934 -0.00362633 
-0.712761 -0.564428 -0.446965 -0.353947 -0.280287 -0.221956 -0.175765 -0.139186 -0.11022 -0.0872822 
-0.591353 -0.468287 -0.370831 -0.293657 -0.232544 -0.184149 -0.145826 -0.115478 -0.0914458 -0.072415 
-0.059068 -0.0467753 -0.0370409 -0.0293323 -0.0232279 -0.018394 -0.014566 -0.0115346 -0.00913416 -0.00723325 
0.320286 0.253631 0.200848 0.159049 0.125949 0.099738 0.0789814 0.0625446 0.0495284 0.039221 
0.311116 0.246369 0.195097 0.154495 0.122343 0.0968824 0.0767201 0.0607539 0.0481104 0.0380981 
0.06538 0.0517737 0.0409991 0.0324668 0.0257101 0.0203595 0.0161225 0.0127673 0.0101103 0.0080062 
-0.13915 -0.110192 -0.0872596 -0.0690999 -0.0547195 -0.0433318 -0.034314 -0.0271729 -0.0215179 -0.0170398 
-0.160073 -0.12676 -0.10038 -0.0794897 -0.0629471 -0.0498471 -0.0394734 -0.0312586 -0.0247534 -0.0196019 
