0.0495093 0.0392059 0.0310467 0.0245856 0.0194691 0.0154173 0.0122088 0.00966804 0.00765603 0.00606273 
-0.0163375 -0.0129375 -0.0102451 -0.00811296 -0.00642457 -0.00508755 -0.00402878 -0.00319035 -0.0025264 -0.00200063 
-0.045027 -0.0356564 -0.028236 -0.0223598 -0.0177065 -0.0140216 -0.0111035 -0.00879277 -0.00696291 -0.00551385 
-0.0282854 -0.0223989 -0.0177375 -0.0140461 -0.011123 -0.00880818 -0.00697511 -0.00552351 -0.00437401 -0.00346373 
0.00403155 0.00319255 0.00252814 0.00200201 0.00158537 0.00125544 0.000994169 0.000787272 0.000623432 0.00049369 
0.0211874 0.0167781 0.0132864 0.0105213 0.00833174 0.00659782 0.00522474 0.00413742 0.00327638 0.00259453 
0.0156023 0.0123553 0.00978403 0.00774787 0.00613546 0.00485861 0.00384748 0.00304678 0.00241271 0.0019106 
6.48268e-05 5.13356e-05 4.06522e-05 3.2192e-05 2.54925e-05 2.01873e-05 1.59861e-05 1.26592e-05 1.00247e-05 7.93846e-06 
-0.00972856 -0.00770395 -0.00610068 -0.00483106 -0.00382566 -0.0030295 -0.00239903 -0.00189977 -0.00150441 -0.00119133 
-0.00836557 -0.00662461 -0.00524596 -0.00415422 -0.00328969 -0.00260507 -0.00206292 -0.00163361 -0.00129364 -0.00102442 
