0.273631 0.216685 0.171591 0.135881 0.107603 0.0852095 0.0674765 0.0534339 0.0423138 0.0335078 
0.0704052 0.0557532 0.0441503 0.0349622 0.0276862 0.0219244 0.0173617 0.0137486 0.0108873 0.00862157 
-0.111344 -0.088172 -0.0698225 -0.0552917 -0.0437849 -0.0346728 -0.027457 -0.0217429 -0.017218 -0.0136348 
-0.139429 -0.110413 -0.0874347 -0.0692386 -0.0548293 -0.0434188 -0.0343828 -0.0272274 -0.0215611 -0.017074 
-0.04949 -0.0391906 -0.0310346 -0.024576 -0.0194615 -0.0154113 -0.0122041 -0.00966428 -0.00765304 -0.00606037 
0.0450851 0.0357024 0.0282724 0.0223886 0.0177293 0.0140396 0.0111178 0.0088041 0.00697188 0.00552096 
0.0696148 0.0551272 0.0436547 0.0345697 0.0273754 0.0216783 0.0171668 0.0135942 0.0107651 0.00852478 
0.0312984 0.0247849 0.0196269 0.0155423 0.0123078 0.00974642 0.00771809 0.00611187 0.00483993 0.00383269 
-0.016872 -0.0133608 -0.0105803 -0.00837841 -0.00663477 -0.00525401 -0.00416059 -0.00329473 -0.00260906 -0.00206609 
-0.0340646 -0.0269754 -0.0213615 -0.016916 -0.0133956 -0.0106078 -0.00840023 -0.00665205 -0.00526769 -0.00417143 
