0.128342 0.101632 0.0804816 0.0637325 0.0504691 0.039966 0.0316486 0.0250622 0.0198465 0.0157162 
-0.163732 -0.129657 -0.102674 -0.0813068 -0.064386 -0.0509866 -0.0403757 -0.0319731 -0.0253192 -0.02005 
-0.22059 -0.174683 -0.13833 -0.109542 -0.086745 -0.0686925 -0.0543968 -0.0430763 -0.0341117 -0.0270127 
-0.0860888 -0.0681729 -0.0539854 -0.0427505 -0.0338536 -0.0268083 -0.0212292 -0.0168112 -0.0133126 -0.0105421 
0.0646617 0.051205 0.0405487 0.0321101 0.0254276 0.0201359 0.0159454 0.012627 0.00999918 0.00791825 
0.109318 0.0865675 0.0685519 0.0542855 0.0429882 0.0340419 0.0269574 0.0213473 0.0169047 0.0133867 
0.0529966 0.0419675 0.0332336 0.0263173 0.0208404 0.0165033 0.0130688 0.010349 0.0081953 0.00648977 
-0.0232017 -0.0183732 -0.0145495 -0.0115216 -0.00912385 -0.00722508 -0.00572147 -0.00453077 -0.00358787 -0.0028412 
-0.0530877 -0.0420396 -0.0332907 -0.0263626 -0.0208762 -0.0165317 -0.0130913 -0.0103668 -0.00820939 -0.00650093 
-0.0308787 -0.0244525 -0.0193637 -0.0153339 -0.0121428 -0.00961572 -0.00761459 -0.00602991 -0.00477502 -0.00378129 
