-1.64672 -1.30402 -1.03264 -0.817736 -0.647556 -0.512793 -0.406076 -0.321567 -0.254645 -0.201651 
-1.53507 -1.2156 -0.962625 -0.762293 -0.603651 -0.478025 -0.378543 -0.299764 -0.23738 -0.187979 
-0.28095 -0.222481 -0.176181 -0.139515 -0.110481 -0.0874887 -0.0692813 -0.0548632 -0.0434456 -0.0344041 
0.722211 0.571911 0.45289 0.358639 0.284003 0.224899 0.178095 0.141032 0.111681 0.0884394 
0.79419 0.628911 0.498028 0.394383 0.312308 0.247313 0.195845 0.155088 0.122812 0.0972537 
0.226714 0.179532 0.14217 0.112583 0.089153 0.0705994 0.0559069 0.0442721 0.0350586 0.0277625 
-0.304025 -0.240754 -0.190651 -0.150974 -0.119555 -0.0946743 -0.0749715 -0.0593692 -0.0470138 -0.0372298 
-0.40233 -0.318601 -0.252296 -0.199791 -0.158212 -0.125287 -0.0992132 -0.0785659 -0.0622155 -0.0492678 
-0.153631 -0.121658 -0.0963401 -0.0762907 -0.0604138 -0.0478411 -0.0378848 -0.0300006 -0.0237572 -0.0188131 
0.120832 0.0956854 0.0757723 0.0600033 0.047516 0.0376274 0.0297967 0.0235957 0.0186852 0.0147966 
