                   0              1.0439
             0.56459             1.34838
            0.764859             1.47698
             0.91436             1.54006
             1.03853             1.59316
             1.14696             1.64076
             1.24444             1.68359
              1.3338             1.72247
             1.41685             1.77495
             1.49483             1.80854
             1.56864              1.8505
             1.63895             1.90372
             1.70629             1.93267
             1.77106             1.97413
              1.8336             2.00806
             1.89417             2.03634
             1.95301             2.06118
              2.0103             2.09883
             2.06621             2.13991
             2.12088             2.16953
             2.17443             2.23153
             2.22697             2.27344
              2.2786             2.30265
             2.32939             2.32759
             2.37943             2.36328
             2.42878             2.40892
             2.47751             2.44748
             2.52567             2.47916
             2.57331             2.51814
             2.62049             2.56065
             2.66724             2.59557
             2.71361             2.64061
             2.75964             2.67325
             2.80536             2.70232
              2.8508             2.73841
             2.89601             2.77175
             2.94101             2.80553
             2.98583             2.83541
             3.03051             2.86579
             3.07506             2.90729
             3.11951             2.94014
             3.16389             2.97756
             3.20823             3.00883
             3.25256             3.03889
             3.29688             3.08675
             3.34124             3.13123
             3.38566             3.16178
             3.43015              3.1903
             3.47475             3.22853
             3.51948             3.25619
             3.56437             3.29365
             3.60943             3.33639
              3.6547             3.38566
              3.7002             3.43187
             3.74597             3.48602
             3.79202             3.52998
             3.83839             3.56818
             3.88511             3.61428
             3.93221              3.6782
             3.97973             3.72925
             4.02769             3.77994
             4.07614             3.82505
             4.12512             3.87269
             4.17466             3.92656
             4.22481             3.97141
             4.27562              4.0189
             4.32715             4.05844
             4.37943              4.1044
             4.43254             4.16295
             4.48653              4.2367
             4.54148             4.28095
             4.59747             4.34027
             4.65457             4.42167
             4.71288             4.48113
             4.77249             4.56116
             4.83353             4.62185
             4.89612             4.70289
              4.9604             4.80712
             5.02653             4.88312
              5.0947             4.97287
              5.1651             5.06748
             5.23799             5.16438
             5.31364             5.23528
             5.39237             5.30214
             5.47458             5.43648
             5.56072             5.55476
             5.65136             5.72231
             5.74718             5.81722
             5.84903             5.92117
             5.95802             6.04625
             6.07556             6.18761
             6.20356             6.33497
             6.34463             6.50428
             6.50258             6.65895
             6.68319             6.93551
             6.89594             7.14889
             7.15823             7.54763
             7.50798             8.07602
             8.06117             8.99564
                 inf             15.7248
