0.23166 0.18345 0.145272 0.115039 0.0910983 0.0721398 0.0571268 0.0452381 0.0358236 0.0283683 
0.646161 0.511688 0.4052 0.320874 0.254097 0.201217 0.159341 0.126181 0.0999212 0.0791265 
0.407661 0.322822 0.25564 0.202438 0.160309 0.126947 0.100528 0.079607 0.0630399 0.0499207 
-0.0563572 -0.0446287 -0.035341 -0.0279862 -0.0221619 -0.0175498 -0.0138975 -0.0110053 -0.00871498 -0.0069013 
-0.303865 -0.240628 -0.190551 -0.150895 -0.119492 -0.0946247 -0.0749323 -0.0593381 -0.0469892 -0.0372103 
-0.224683 -0.177924 -0.140896 -0.111574 -0.0883544 -0.0699669 -0.055406 -0.0438755 -0.0347445 -0.0275138 
-0.00171459 -0.00135776 -0.0010752 -0.000851439 -0.000674246 -0.000533928 -0.000422812 -0.000334821 -0.000265141 -0.000209962 
0.139429 0.110412 0.0874343 0.0692383 0.0548291 0.0434186 0.0343827 0.0272273 0.021561 0.017074 
0.120387 0.0953333 0.0754934 0.0597825 0.0473411 0.0374889 0.0296871 0.0235089 0.0186165 0.0147422 
0.0155834 0.0123403 0.00977215 0.00773846 0.00612801 0.00485271 0.00384281 0.00304308 0.00240978 0.00190828 
