                   0              1.1622
            0.939696             1.35728
             1.18596             1.46739
             1.35993              1.5497
             1.49939             1.58797
               1.618             1.67334
             1.72242             1.70647
             1.81647             1.74348
             1.90256             1.78251
             1.98234             1.80432
             2.05696             1.83769
             2.12729             1.88062
             2.19398             1.93188
             2.25755             1.98687
             2.31842             2.03765
             2.37691             2.08147
             2.43332             2.10809
             2.48786             2.14153
             2.54074             2.15911
             2.59212             2.23068
             2.64215             2.26447
             2.69096             2.31241
             2.73866             2.34437
             2.78534             2.37873
              2.8311              2.4284
             2.87601             2.44568
             2.92014             2.46132
             2.96356             2.48129
             3.00633             2.49589
             3.04849             2.51382
              3.0901             2.59022
             3.13121              2.6298
             3.17184             2.66814
             3.21205             2.72206
             3.25187             2.80699
             3.29134             2.83412
             3.33048             2.86052
             3.36932             2.92133
              3.4079             2.94195
             3.44624             2.97368
             3.48437             3.01993
             3.52232             3.06036
              3.5601             3.07654
             3.59775             3.13398
             3.63528             3.16605
             3.67272             3.19771
              3.7101             3.25695
             3.74742             3.28503
             3.78472             3.36261
             3.82202             3.40431
             3.85933             3.44755
             3.89668             3.47582
              3.9341             3.53393
              3.9716              3.5649
              4.0092              3.5915
             4.04693             3.64152
             4.08482             3.70946
             4.12289             3.73788
             4.16115             3.81161
             4.19965             3.87742
              4.2384             3.96774
             4.27743             4.01534
             4.31678             4.10921
             4.35647             4.14595
             4.39654             4.17496
             4.43702              4.2132
             4.47796             4.27087
             4.51938             4.35013
             4.56134              4.4034
             4.60388             4.44897
             4.64705             4.48324
              4.6909             4.62189
              4.7355             4.70321
             4.78092             4.81668
             4.82722             4.87768
             4.87448             5.06085
              4.9228             5.08479
             4.97227             5.10578
             5.02302             5.19546
             5.07516             5.24059
             5.12884             5.32002
             5.18424             5.35031
             5.24155              5.5887
             5.30099             5.81148
             5.36283             6.03107
             5.42741             6.18388
              5.4951             6.24785
             5.56639             6.33981
             5.64187             6.44279
              5.7223             6.55857
             5.80865             6.73578
             5.90224             6.89856
             6.00487              7.1909
             6.11915             7.34054
             6.24903             7.64383
             6.40099              8.0385
             6.58683             8.36553
             6.83219             8.56218
              7.2149             9.54042
                 inf             12.7159
