0.0404811 0.0320566 0.0253853 0.0201023 0.0159188 0.0126059 0.00998252 0.00790505 0.00625993 0.00495717 
-1.08557 -0.859655 -0.680752 -0.539081 -0.426892 -0.338052 -0.267699 -0.211988 -0.167871 -0.132936 
-0.954333 -0.755726 -0.598452 -0.473908 -0.375283 -0.297182 -0.235336 -0.18636 -0.147576 -0.116864 
-0.135889 -0.107609 -0.0852146 -0.0674805 -0.0534371 -0.0423163 -0.0335098 -0.0265361 -0.0210137 -0.0166405 
0.482169 0.381824 0.302363 0.239438 0.189608 0.150149 0.118901 0.0941567 0.0745617 0.0590447 
0.497816 0.394215 0.312175 0.247208 0.195761 0.155021 0.12276 0.0972122 0.0769814 0.0609608 
0.123628 0.0978997 0.0775257 0.0613918 0.0486155 0.0384981 0.0304863 0.0241418 0.0191176 0.015139 
-0.206384 -0.163433 -0.129421 -0.102487 -0.0811586 -0.0642687 -0.0508937 -0.0403022 -0.0319149 -0.0252731 
-0.254133 -0.201245 -0.159364 -0.126199 -0.0999352 -0.0791377 -0.0626683 -0.0496264 -0.0392986 -0.0311202 
-0.088045 -0.0697219 -0.0552121 -0.0437219 -0.0346229 -0.0274175 -0.0217116 -0.0171932 -0.0136151 -0.0107817 
