2.34017 1.85316 1.4675 1.1621 0.920252 0.728738 0.57708 0.456984 0.361881 0.286569 
3.16979 2.51013 1.98774 1.57407 1.24649 0.987084 0.781661 0.61899 0.490171 0.388162 
1.24496 0.985867 0.780698 0.618227 0.489567 0.387683 0.307002 0.243112 0.192518 0.152453 
-0.92241 -0.730447 -0.578433 -0.458055 -0.362729 -0.287241 -0.227463 -0.180126 -0.14264 -0.112955 
-1.57002 -1.24328 -0.984544 -0.77965 -0.617397 -0.48891 -0.387163 -0.30659 -0.242786 -0.192259 
-0.765066 -0.605848 -0.479764 -0.37992 -0.300855 -0.238244 -0.188663 -0.1494 -0.118308 -0.0936872 
0.329862 0.261214 0.206853 0.163805 0.129715 0.10272 0.081343 0.0644147 0.0510093 0.0403937 
0.762034 0.603447 0.477863 0.378415 0.299663 0.2373 0.187915 0.148808 0.11784 0.0933159 
0.445234 0.352576 0.279202 0.221097 0.175084 0.138647 0.109793 0.0869443 0.0688502 0.0545218 
-0.0968674 -0.0767083 -0.0607445 -0.0481029 -0.0380922 -0.0301648 -0.0238872 -0.018916 -0.0149794 -0.011862 
