5 3.95945 3.13545 2.48293 1.9662 1.55702 1.23298 0.976388 0.773191 0.612282 
2.1393 1.69409 1.34153 1.06234 0.841259 0.666185 0.527545 0.417757 0.330817 0.261971 
-1.30481 -1.03326 -0.818229 -0.647947 -0.513103 -0.406321 -0.321761 -0.254799 -0.201773 -0.159782 
-2.45808 -1.94653 -1.54143 -1.22065 -0.966617 -0.765454 -0.606155 -0.480008 -0.380113 -0.301008 
-1.2852 -1.01773 -0.805933 -0.63821 -0.505392 -0.400214 -0.316926 -0.25097 -0.198741 -0.157381 
0.441667 0.349751 0.276964 0.219325 0.173681 0.137536 0.108914 0.0862476 0.0682986 0.0540849 
1.18388 0.937499 0.742395 0.587895 0.465548 0.368663 0.29194 0.231184 0.183072 0.144973 
0.736101 0.582911 0.461601 0.365537 0.289465 0.229224 0.18152 0.143744 0.113829 0.0901403 
-0.112499 -0.0890871 -0.0705471 -0.0558655 -0.0442393 -0.0350327 -0.027742 -0.0219686 -0.0173967 -0.0137763 
-0.557869 -0.44177 -0.349833 -0.277029 -0.219377 -0.173722 -0.137569 -0.108939 -0.0862679 -0.0683146 
