                   0            0.096096
            0.278142             0.27121
            0.394359            0.356252
            0.484237            0.422578
            0.560606            0.478432
            0.628424            0.524601
             0.69023            0.594153
            0.747528            0.660575
            0.801299            0.710557
            0.852221            0.767636
            0.900791            0.813655
             0.94738            0.846924
            0.992279            0.922394
             1.03572            0.954157
             1.07789            0.994446
             1.11894             1.03433
               1.159             1.06711
             1.19819             1.10575
             1.23659             1.13454
             1.27429             1.17026
             1.31136             1.21533
             1.34786             1.24567
             1.38386              1.2829
             1.41939             1.31977
             1.45451             1.36316
             1.48926             1.39716
             1.52367             1.42731
             1.55778             1.45123
             1.59162             1.47951
             1.62522             1.52553
             1.65861             1.56237
             1.69181             1.59175
             1.72486             1.62576
             1.75776             1.64915
             1.79055             1.68204
             1.82324             1.72676
             1.85586             1.75282
             1.88842             1.79113
             1.92095             1.82556
             1.95346             1.85166
             1.98597             1.87766
              2.0185             1.90579
             2.05106             1.93964
             2.08368             1.98438
             2.11638             2.03125
             2.14916             2.06323
             2.18204             2.10822
             2.21505             2.15327
              2.2482              2.1931
             2.28152             2.23871
             2.31501             2.27446
              2.3487             2.30384
             2.38261             2.32584
             2.41676             2.37024
             2.45116             2.40489
             2.48585             2.45256
             2.52084             2.48537
             2.55616             2.52356
             2.59183             2.57379
             2.62787             2.62103
             2.66433             2.66939
             2.70122             2.70136
             2.73858             2.74126
             2.77643             2.78194
             2.81483             2.82158
             2.85379             2.86282
             2.89338             2.90134
             2.93362             2.95234
             2.97457              2.9913
             3.01627             3.05609
              3.0588              3.1063
              3.1022              3.1491
             3.14655             3.18463
             3.19192             3.25101
              3.2384              3.2986
             3.28608             3.35545
             3.33506             3.41214
             3.38546              3.4635
             3.43742               3.509
             3.49108             3.57217
             3.54662             3.64908
             3.60423             3.71272
             3.66416             3.77148
             3.72666             3.83453
             3.79207             3.89064
             3.86077             3.96207
             3.93323             4.06471
             4.01001             4.17987
             4.09185             4.27106
             4.17966             4.35272
             4.27462             4.45046
             4.37835             4.59511
             4.49305             4.69141
             4.62192             4.80652
             4.76985             4.99635
             4.94488             5.21823
             5.16179             5.47366
             5.45287             5.83586
              5.9174              6.2269
                 inf             9.53821
