                   0             1.00299
            0.566699             1.34203
            0.767716              1.4529
            0.917775             1.52624
             1.04241             1.59161
             1.15124             1.64418
             1.24909             1.69509
             1.33878             1.74305
             1.42214             1.78422
             1.50041             1.82483
             1.57449             1.86331
             1.64507             1.90204
             1.71266              1.9405
             1.77767             1.97564
             1.84045             2.01166
             1.90125             2.04743
              1.9603             2.08058
             2.01781             2.11673
             2.07393             2.15655
              2.1288             2.19529
             2.18256             2.23126
             2.23529             2.26937
             2.28711             2.30492
             2.33809             2.34154
             2.38832              2.3781
             2.43785             2.41728
             2.48676             2.45417
              2.5351             2.49018
             2.58292             2.52494
             2.63027             2.56395
              2.6772             2.60212
             2.72374             2.63925
             2.76994             2.67341
             2.81583             2.71209
             2.86145             2.75046
             2.90683             2.78812
               2.952             2.82351
             2.99699             2.85842
             3.04182              2.8966
             3.08654             2.93136
             3.13116             2.96842
             3.17571             3.00366
             3.22022             3.03782
              3.2647             3.07356
              3.3092             3.10874
             3.35372              3.1447
              3.3983             3.18109
             3.44296             3.21775
             3.48773             3.25703
             3.53263             3.29688
             3.57768             3.33812
             3.62291             3.37585
             3.66835             3.41976
             3.71402             3.46045
             3.75996              3.5036
             3.80618             3.54545
             3.85273             3.59042
             3.89962             3.63917
              3.9469             3.69087
             3.99459             3.74258
             4.04273             3.79249
             4.09136             3.84147
             4.14052             3.88882
             4.19025             3.94333
             4.24059              3.9951
             4.29159              4.0462
             4.34331             4.09681
             4.39579             4.14665
             4.44909             4.20044
             4.50329             4.25528
             4.55845             4.31608
             4.61464             4.37685
             4.67195             4.44218
             4.73048             4.50209
             4.79032             4.56878
             4.85159             4.63873
             4.91441             4.71513
             4.97893             4.79352
             5.04531             4.87534
             5.11373             4.96017
             5.18439             5.03975
             5.25755              5.1261
             5.33348             5.21424
             5.41251             5.30135
             5.49503             5.39758
             5.58149             5.50546
             5.67246             5.61989
             5.76864             5.75119
             5.87088             5.87829
             5.98027             6.02398
             6.09825              6.1633
             6.22673             6.31898
             6.36833             6.51921
             6.52687             6.74025
             6.70815             6.99838
             6.92169             7.28563
             7.18497             7.74485
             7.53602             8.35797
             8.09128             9.06513
                 inf             16.7904
