-0.425903 -0.337268 -0.267079 -0.211497 -0.167482 -0.132628 -0.105026 -0.0831693 -0.0658609 -0.0521546 
0.174281 0.138011 0.109289 0.0865452 0.0685342 0.0542716 0.0429771 0.0340331 0.0269505 0.0213418 
0.416215 0.329596 0.261004 0.206686 0.163673 0.129611 0.102637 0.0812773 0.0643627 0.0509681 
0.246873 0.195496 0.154812 0.122594 0.0970807 0.0768772 0.0608782 0.0482088 0.0381761 0.0302312 
-0.0497492 -0.0393959 -0.0311972 -0.0247047 -0.0195634 -0.0154921 -0.012268 -0.0097149 -0.00769313 -0.00609211 
-0.197383 -0.156306 -0.123777 -0.0980175 -0.077619 -0.0614657 -0.048674 -0.0385445 -0.030523 -0.0241708 
-0.137707 -0.109049 -0.0863548 -0.0683834 -0.0541521 -0.0428825 -0.0339582 -0.0268911 -0.0212948 -0.0168631 
0.0059379 0.00470216 0.00372359 0.00294867 0.00233502 0.00184908 0.00146427 0.00115954 0.000918226 0.000727134 
0.0914359 0.0724071 0.0573384 0.0454057 0.0359563 0.0284734 0.0225478 0.0178554 0.0141395 0.0111969 
0.0745199 0.0590115 0.0467306 0.0370055 0.0293043 0.0232057 0.0183764 0.0145521 0.0115236 0.00912544 
