                   0            0.032342
            0.397547            0.381836
            0.563656            0.495197
            0.692118            0.591944
            0.801271            0.675616
            0.898203            0.751971
            0.986541            0.824334
             1.06844            0.890661
             1.14529            0.956505
             1.21808             1.02339
              1.2875             1.08546
             1.35408             1.15268
             1.41826             1.21011
             1.48035             1.27091
             1.54062             1.32444
             1.59929             1.38286
             1.65655             1.43914
             1.71256             1.49632
             1.76745             1.55414
             1.82133             1.60796
             1.87432             1.65765
             1.92649             1.71474
             1.97794             1.76878
             2.02873             1.81959
             2.07893             1.87257
             2.12859             1.92009
             2.17777             1.97226
             2.22653             2.02472
             2.27489             2.07569
             2.32292             2.12127
             2.37064             2.17603
              2.4181             2.22876
             2.46533             2.27979
             2.51236             2.33138
             2.55922             2.38122
             2.60595             2.42927
             2.65257             2.48598
             2.69911              2.5428
              2.7456             2.59414
             2.79207             2.64278
             2.83853             2.69307
             2.88503             2.74175
             2.93157             2.79048
              2.9782             2.84223
             3.02492             2.89253
             3.07177             2.94378
             3.11878             2.99584
             3.16596             3.04887
             3.21335             3.10222
             3.26096             3.15537
             3.30883             3.20821
             3.35698             3.25954
             3.40545             3.31404
             3.45426             3.37262
             3.50343             3.42826
             3.55301              3.4828
             3.60302             3.53878
              3.6535             3.60054
             3.70448             3.65724
               3.756             3.71252
             3.80811             3.77039
             3.86084             3.82574
             3.91423             3.88332
             3.96834             3.94406
             4.02322              4.0069
             4.07891             4.06896
             4.13549             4.13956
               4.193             4.20465
             4.25153             4.27197
             4.31114             4.34533
             4.37192             4.42016
             4.43396             4.49179
             4.49735             4.56616
              4.5622             4.64168
             4.62863             4.71692
             4.69677             4.78852
             4.76678             4.87189
             4.83882             4.96053
             4.91308             5.05115
             4.98978              5.1437
             5.06916              5.2341
             5.15151             5.33598
             5.23716             5.43993
              5.3265             5.55054
             5.41999             5.65829
             5.51818              5.7768
             5.62174             5.90109
             5.73149             6.03104
             5.84846             6.17044
             5.97396             6.31338
              6.1097             6.47969
             6.25795             6.66103
             6.42189             6.86208
             6.60608             7.07158
             6.81752             7.33618
             7.06769             7.64605
             7.37771             8.03505
             7.79375             8.50943
             8.45771             9.36451
                 inf             16.4912
