-0.547559 -0.433606 -0.343368 -0.27191 -0.215323 -0.170512 -0.135026 -0.106926 -0.0846736 -0.0670521 
-0.252137 -0.199665 -0.158112 -0.125208 -0.0991506 -0.0785163 -0.0621763 -0.0492367 -0.03899 -0.0308758 
0.12761 0.101053 0.0800227 0.0633691 0.0501814 0.0397381 0.0314682 0.0249193 0.0197333 0.0156266 
0.267311 0.21168 0.167628 0.132742 0.105117 0.0832414 0.065918 0.0521997 0.0413364 0.0327339 
0.14872 0.11777 0.0932608 0.0738523 0.0584828 0.0463119 0.0366739 0.0290417 0.0229978 0.0182117 
-0.0403648 -0.0319644 -0.0253123 -0.0200446 -0.0158731 -0.0125697 -0.00995383 -0.00788233 -0.00624194 -0.00494293 
-0.127802 -0.101205 -0.0801431 -0.0634645 -0.0502569 -0.0397979 -0.0315155 -0.0249568 -0.019763 -0.0156501 
-0.0840501 -0.0665584 -0.0527069 -0.041738 -0.0330519 -0.0261735 -0.0207265 -0.0164131 -0.0129974 -0.0102925 
0.00821973 0.00650912 0.0051545 0.0040818 0.00323233 0.00255965 0.00202696 0.00160513 0.00127109 0.00100656 
0.0597407 0.047308 0.0374627 0.0296664 0.0234925 0.0186034 0.0147319 0.011666 0.0092382 0.00731563 
