                -inf            -2.91867
            -1.38187            -1.38012
            -1.21945            -1.21837
            -1.11638            -1.11473
            -1.03883            -1.03751
           -0.975742           -0.975956
           -0.922034           -0.921673
           -0.874935           -0.874852
           -0.832759           -0.833102
           -0.794395           -0.794601
           -0.759077           -0.758173
           -0.726249           -0.726374
           -0.695494            -0.69499
           -0.666493           -0.666464
           -0.638994           -0.638701
           -0.612797           -0.612079
           -0.587737           -0.587434
           -0.563679           -0.563602
           -0.540508           -0.540944
            -0.51813           -0.518448
           -0.496462           -0.497018
           -0.475433           -0.475586
           -0.454982           -0.454764
           -0.435055           -0.435307
           -0.415604           -0.415722
           -0.396588           -0.397142
           -0.377969           -0.379189
           -0.359712           -0.361378
           -0.341789           -0.343738
            -0.32417           -0.325871
           -0.306831           -0.308648
           -0.289749           -0.291508
           -0.272902           -0.274521
           -0.256271           -0.257975
           -0.239839           -0.241981
           -0.223587           -0.225845
             -0.2075            -0.20958
           -0.191564           -0.193588
           -0.175764           -0.177555
           -0.160087           -0.162116
           -0.144521           -0.146746
           -0.129052           -0.131505
           -0.113671           -0.115857
           -0.098365           -0.100522
          -0.0831239          -0.0851791
          -0.0679372          -0.0697088
          -0.0527947          -0.0544895
          -0.0376862          -0.0388474
           -0.022602          -0.0233323
         -0.00753242         -0.00807243
          0.00753237          0.00726735
            0.022602           0.0220783
           0.0376862           0.0373524
           0.0527947           0.0523103
           0.0679372           0.0673969
            0.083124           0.0823485
            0.098365           0.0977786
            0.113671            0.112876
            0.129052            0.128017
            0.144521            0.143632
            0.160087            0.159369
            0.175764            0.175144
            0.191564            0.191065
              0.2075            0.207108
            0.223587            0.222844
            0.239839            0.239517
            0.256271            0.256145
            0.272902            0.272199
            0.289748             0.28913
            0.306831            0.306091
             0.32417            0.323272
            0.341789            0.341168
            0.359712            0.358928
            0.377969             0.37723
            0.396588            0.396398
            0.415604            0.415513
            0.435055            0.434985
            0.454982            0.454999
            0.475433            0.474977
            0.496462            0.496183
             0.51813             0.51775
            0.540508            0.540735
            0.563679            0.563837
            0.587737            0.587238
            0.612797            0.613232
            0.638994            0.639317
            0.666492            0.666223
            0.695494            0.695345
            0.726249            0.725907
            0.759077            0.758684
            0.794395            0.793976
            0.832759            0.831541
            0.874935            0.872118
            0.922034            0.920354
            0.975742            0.973172
             1.03883             1.03645
             1.11638             1.11431
             1.21945             1.21718
             1.38187             1.38084
                 inf             2.64534
