-0.107577 -0.0851891 -0.0674604 -0.0534212 -0.0423037 -0.0334998 -0.0265282 -0.0210074 -0.0166355 -0.0131735 
-0.0761075 -0.0602688 -0.0477262 -0.0377939 -0.0299286 -0.0237001 -0.0187679 -0.0148621 -0.0117691 -0.00931985 
0.00233368 0.00184801 0.00146342 0.00115887 0.000917696 0.000726714 0.000575477 0.000455714 0.000360875 0.000285774 
0.0497232 0.0393753 0.0311809 0.0246918 0.0195532 0.015484 0.0122616 0.00970981 0.0076891 0.00608892 
0.0410857 0.0325353 0.0257644 0.0204025 0.0161566 0.0127942 0.0101316 0.00802311 0.00635342 0.00503121 
0.00397695 0.0031493 0.0024939 0.00197489 0.0015639 0.00123843 0.000980704 0.000776609 0.000614989 0.000487003 
-0.0223612 -0.0177076 -0.0140225 -0.0111043 -0.00879334 -0.00696335 -0.00551421 -0.00436664 -0.0034579 -0.00273827 
-0.0216288 -0.0171276 -0.0135632 -0.0107406 -0.00850534 -0.00673529 -0.0053336 -0.00422363 -0.00334464 -0.00264859 
-0.00448574 -0.00355221 -0.00281296 -0.00222755 -0.00176397 -0.00139687 -0.00110617 -0.000875964 -0.000693667 -0.000549308 
0.00972467 0.00770087 0.00609824 0.00482913 0.00382414 0.00302829 0.00239807 0.00189901 0.00150381 0.00119085 
