-1.02284 -0.809979 -0.641414 -0.507929 -0.402224 -0.318517 -0.25223 -0.199738 -0.158171 -0.125254 
1.59226 1.26089 0.998488 0.790692 0.626141 0.495834 0.392646 0.310932 0.246224 0.194982 
2.00394 1.5869 1.25665 0.995127 0.788031 0.624033 0.494166 0.391325 0.309886 0.245395 
0.716323 0.567249 0.449198 0.355715 0.281687 0.223065 0.176643 0.139882 0.110771 0.0877184 
-0.643678 -0.509722 -0.403643 -0.319641 -0.25312 -0.200443 -0.158729 -0.125696 -0.0995372 -0.0788225 
-1.00001 -0.791894 -0.627093 -0.496588 -0.393243 -0.311405 -0.246598 -0.195279 -0.154639 -0.122457 
-0.452081 -0.357998 -0.283495 -0.224497 -0.177777 -0.14078 -0.111482 -0.0882813 -0.069909 -0.0553603 
0.240238 0.190242 0.150651 0.119299 0.0944714 0.0748109 0.059242 0.0469131 0.03715 0.0294187 
0.489072 0.387291 0.306691 0.242866 0.192323 0.152299 0.120604 0.0955047 0.0756292 0.05989 
0.267857 0.212114 0.167971 0.133014 0.105332 0.0834117 0.0660528 0.0523066 0.041421 0.0328009 
