-0.0133048 -0.0105359 -0.00834329 -0.00660696 -0.00523198 -0.00414315 -0.00328092 -0.00259813 -0.00205743 -0.00162926 
0.114943 0.0910221 0.0720795 0.0570789 0.0452002 0.0357936 0.0283446 0.0224458 0.0177746 0.0140755 
0.106702 0.0844964 0.0669118 0.0529867 0.0419596 0.0332274 0.0263124 0.0208365 0.0165002 0.0130664 
0.0192277 0.0152262 0.0120575 0.00954819 0.00756111 0.00598757 0.00474149 0.00375473 0.00297334 0.00235455 
-0.0504582 -0.0399574 -0.0316418 -0.0250568 -0.0198422 -0.0157129 -0.0124429 -0.00985336 -0.00780278 -0.00617894 
-0.0552356 -0.0437405 -0.0346376 -0.0274292 -0.0217209 -0.0172005 -0.0136209 -0.0107863 -0.00854153 -0.00676395 
-0.0156243 -0.0123728 -0.00979786 -0.00775882 -0.00614413 -0.00486547 -0.00385292 -0.00305108 -0.00241612 -0.0019133 
0.0212676 0.0168416 0.0133367 0.0105612 0.00836327 0.00662279 0.00524452 0.00415308 0.00328878 0.00260435 
0.0279969 0.0221705 0.0175566 0.0139029 0.0110095 0.00871833 0.00690396 0.00546717 0.0043294 0.0034284 
0.0106209 0.00841055 0.00666023 0.00527416 0.00417655 0.00330737 0.00261907 0.00207402 0.00164239 0.00130059 
