-3.6406 -3.52124 -3.4058 -3.29415 -3.18615 -3.0817 -2.98067 -2.88295 -2.78844 -2.69702 
-3.17915 -3.07493 -2.97412 -2.87662 -2.78231 -2.69109 -2.60287 -2.51754 -2.435 -2.35517 
-2.14659 -2.07622 -2.00815 -1.94232 -1.87864 -1.81705 -1.75748 -1.69986 -1.64414 -1.59023 
-0.774907 -0.749502 -0.724931 -0.701165 -0.678178 -0.655944 -0.63444 -0.61364 -0.593523 -0.574065 
0.654776 0.63331 0.612548 0.592466 0.573043 0.554256 0.536085 0.51851 0.501512 0.48507 
1.8685 1.80724 1.74799 1.69069 1.63526 1.58165 1.5298 1.47964 1.43114 1.38422 
2.65079 2.56388 2.47983 2.39853 2.3199 2.24384 2.17028 2.09913 2.03031 1.96375 
2.88161 2.78714 2.69577 2.60739 2.52191 2.43923 2.35926 2.28192 2.20711 2.13475 
2.55291 2.46921 2.38826 2.30997 2.23424 2.16099 2.09014 2.02162 1.95534 1.89124 
1.76289 1.70509 1.64919 1.59513 1.54283 1.49225 1.44333 1.39601 1.35025 1.30598 
