                   0             1.13773
            0.581191             1.32043
            0.787349             1.41377
            0.941246             1.48045
             1.06907             1.53189
             1.18068             1.58275
             1.28103             1.62872
             1.37302             1.67937
             1.45851             1.71144
             1.53878              1.7512
             1.61476             1.79059
             1.68714             1.82999
             1.75646             1.86523
             1.82314             1.89649
             1.88751             1.94184
             1.94987             1.98216
             2.01043             2.01254
             2.06941             2.05336
             2.12697             2.09222
             2.18324             2.12766
             2.23837             2.16594
             2.29246              2.1939
              2.3456             2.22336
             2.39788             2.26128
             2.44939             2.29478
              2.5002             2.33144
             2.55036             2.37764
             2.59993             2.41417
             2.64898             2.44856
             2.69754             2.48348
             2.74566             2.50579
              2.7934             2.54702
             2.84078             2.59011
             2.88784              2.6302
             2.93463             2.66351
             2.98117             2.72623
             3.02749             2.76417
             3.07363             2.79846
             3.11961             2.83354
             3.16547             2.87935
             3.21123             2.91102
             3.25692             2.95447
             3.30257             3.01145
             3.34819             3.05294
             3.39382             3.09484
             3.43949             3.12346
             3.48521              3.1585
             3.53101              3.1909
             3.57692             3.23235
             3.62297             3.26669
             3.66917             3.31425
             3.71556             3.34463
             3.76216             3.40751
               3.809             3.44859
             3.85611             3.48139
             3.90352             3.52643
             3.95125             3.55651
             3.99935             3.59458
             4.04783             3.64568
             4.09674             3.71343
             4.14612              3.7621
             4.19599              3.8306
             4.24641             3.86674
             4.29741             3.91454
             4.34904             3.98708
             4.40134             4.05165
             4.45438             4.08683
              4.5082             4.16043
             4.56287             4.23006
             4.61845             4.28242
             4.67502              4.3434
             4.73265             4.42766
             4.79143             4.51002
             4.85145             4.58232
             4.91282             4.69184
             4.97566             4.77258
             5.04009             4.83944
             5.10626             4.92996
             5.17433             5.04735
              5.2445             5.13598
             5.31698             5.24238
             5.39201             5.31655
             5.46988             5.44117
             5.55093             5.60392
             5.63555             5.82683
             5.72423             5.92842
             5.81753             6.09697
             5.91616             6.21642
             6.02102             6.37548
             6.13321             6.53204
             6.25421             6.75317
             6.38596             6.94349
             6.53119             7.32504
             6.69378             7.58067
              6.8797             7.86798
             7.09871             8.16616
             7.36871             8.47899
             7.72874             9.17836
              8.2982             10.3286
                 inf             15.5001
