-3.50617 -3.39122 -3.28004 -3.17251 -3.0685 -2.96791 -2.87061 -2.7765 -2.68547 -2.59743 
-3.06176 -2.96139 -2.8643 -2.7704 -2.67957 -2.59173 -2.50676 -2.42458 -2.34509 -2.26821 
-2.06733 -1.99955 -1.934 -1.8706 -1.80927 -1.74996 -1.69259 -1.6371 -1.58343 -1.53152 
-0.746293 -0.721827 -0.698162 -0.675274 -0.653136 -0.631724 -0.611013 -0.590982 -0.571607 -0.552868 
0.630598 0.609925 0.589929 0.570589 0.551883 0.53379 0.51629 0.499364 0.482993 0.467159 
1.7995 1.74051 1.68345 1.62826 1.57488 1.52325 1.47331 1.42501 1.37829 1.33311 
2.55291 2.46921 2.38826 2.30997 2.23424 2.16099 2.09014 2.02162 1.95534 1.89124 
2.77521 2.68422 2.59623 2.51111 2.42879 2.34916 2.27215 2.19766 2.12561 2.05592 
2.45864 2.37804 2.30008 2.22467 2.15174 2.08119 2.01296 1.94697 1.88314 1.82141 
1.69779 1.64213 1.5883 1.53623 1.48586 1.43715 1.39004 1.34447 1.30039 1.25776 
