                   0             1.02572
            0.572747             1.33768
            0.775909             1.44793
             0.92757             1.52396
             1.05354             1.59431
             1.16353             1.64149
             1.26242             1.68559
             1.35307             1.73106
             1.43732             1.77459
             1.51642             1.82048
              1.5913               1.856
             1.66263             1.89519
             1.73094             1.93272
             1.79665              1.9676
             1.86009             2.00233
             1.92154             2.03573
             1.98122             2.07177
             2.03935             2.10854
             2.09606             2.14559
             2.15152             2.17993
             2.20585             2.21549
             2.25915             2.25171
             2.31152             2.28962
             2.36305             2.32537
             2.41381             2.36246
             2.46387              2.3976
              2.5133               2.435
             2.56216             2.47373
             2.61049             2.50709
             2.65834             2.54183
             2.70577             2.58075
             2.75281             2.62095
              2.7995             2.65631
             2.84589             2.69549
             2.89199             2.73336
             2.93785             2.77267
              2.9835             2.80929
             3.02897              2.8432
             3.07429             2.88276
             3.11948             2.91958
             3.16458             2.95463
              3.2096             2.99217
             3.25458             3.02929
             3.29955             3.06614
             3.34451             3.10411
             3.38952             3.14003
             3.43457             3.18019
             3.47971             3.21655
             3.52495             3.25223
             3.57033             3.29357
             3.61586             3.33661
             3.66158             3.38059
              3.7075             3.42621
             3.75366             3.47329
             3.80009             3.51733
              3.8468             3.56329
             3.89384             3.61167
             3.94124             3.65617
             3.98902             3.70102
             4.03722             3.75586
             4.08588             3.80753
             4.13503             3.85428
             4.18471             3.90402
             4.23497             3.95369
             4.28585             4.00455
             4.33739             4.05021
             4.38966             4.09728
              4.4427             4.14725
             4.49658             4.20058
             4.55135             4.24942
              4.6071             4.30361
             4.66389             4.36292
             4.72181             4.42864
             4.78096             4.49279
             4.84144             4.56893
             4.90336             4.64909
             4.96686             4.73129
             5.03207             4.81196
             5.09915             4.89909
              5.1683             4.98847
             5.23973             5.07598
             5.31367             5.17087
             5.39041             5.27695
             5.47028             5.38486
             5.55367              5.5031
             5.64106             5.65408
               5.733              5.7982
             5.83021             5.92966
             5.93353             6.06873
              6.0441             6.21759
             6.16334             6.37052
             6.29318             6.54662
              6.4363             6.75174
             6.59653             6.98053
             6.77974             7.26755
             6.99557             7.57996
             7.26165             8.05499
             7.61645             8.57428
             8.17763               9.562
                 inf              17.074
