                -inf            -6.68929
            -3.89236            -3.98173
            -3.43487             -3.5135
            -3.14455            -3.20828
            -2.92611            -2.96946
             -2.7484            -2.77244
            -2.59712            -2.61511
            -2.46446            -2.47271
            -2.34566            -2.34598
             -2.2376            -2.22942
            -2.13812            -2.12925
            -2.04565            -2.03533
            -1.95902            -1.94305
            -1.87733            -1.85954
            -1.79987            -1.77708
            -1.72608             -1.7005
             -1.6555            -1.62916
            -1.58773            -1.56205
            -1.52247            -1.49632
            -1.45943            -1.43367
             -1.3984            -1.37203
            -1.33917            -1.31316
            -1.28156            -1.25617
            -1.22543            -1.20114
            -1.17065            -1.14592
            -1.11708            -1.09153
            -1.06464            -1.03905
            -1.01321           -0.988149
           -0.962726           -0.938942
           -0.913099           -0.892125
           -0.864259           -0.846444
           -0.816144           -0.798778
           -0.768691           -0.752243
           -0.721847           -0.704847
           -0.675561           -0.660571
           -0.629784           -0.617859
           -0.584473           -0.575303
           -0.539585           -0.530641
            -0.49508           -0.488449
           -0.450923           -0.444517
           -0.407076           -0.401627
           -0.363506           -0.358887
            -0.32018           -0.317157
           -0.277068           -0.276628
           -0.234138           -0.234848
           -0.191361           -0.192761
           -0.148708           -0.152242
           -0.106152           -0.111498
          -0.0636639          -0.0689104
          -0.0212168          -0.0277797
           0.0212167           0.0131001
           0.0636639           0.0559751
            0.106152           0.0971082
            0.148708            0.139996
            0.191361            0.181018
            0.234138            0.225924
            0.277068            0.267472
             0.32018            0.308668
            0.363506            0.351441
            0.407076            0.393353
            0.450923            0.434832
            0.495081            0.481115
            0.539585            0.524456
            0.584473            0.569584
            0.629784            0.615255
            0.675561            0.660944
            0.721847             0.70686
            0.768691            0.753719
            0.816143            0.801266
            0.864259            0.850533
            0.913099            0.898413
            0.962726            0.947082
             1.01321             0.99596
             1.06464             1.04528
             1.11708             1.09996
             1.17065             1.15465
             1.22543             1.21195
             1.28156             1.26701
             1.33917             1.32463
              1.3984             1.38201
             1.45943              1.4431
             1.52247             1.50754
             1.58773             1.57161
              1.6555             1.64327
             1.72608             1.71335
             1.79987             1.78558
             1.87733             1.86584
             1.95902             1.95077
             2.04565             2.04073
             2.13812             2.13461
              2.2376             2.23758
             2.34566             2.34995
             2.46446             2.47327
             2.59712             2.60296
              2.7484             2.75763
             2.92611             2.94394
             3.14455             3.15951
             3.43487             3.44709
             3.89236             3.90132
                 inf             6.83645
