1.06426 1.02937 0.995621 0.962981 0.93141 0.900875 0.871341 0.842775 0.815145 0.788422 
0.929364 0.898896 0.869427 0.840923 0.813355 0.78669 0.760899 0.735954 0.711826 0.68849 
0.627515 0.606943 0.587045 0.567799 0.549184 0.53118 0.513766 0.496923 0.480632 0.464875 
0.226529 0.219103 0.21192 0.204972 0.198252 0.191753 0.185466 0.179386 0.173505 0.167817 
-0.191411 -0.185136 -0.179067 -0.173196 -0.167518 -0.162026 -0.156714 -0.151577 -0.146607 -0.141801 
-0.546219 -0.528312 -0.510992 -0.49424 -0.478037 -0.462365 -0.447207 -0.432545 -0.418365 -0.404649 
-0.774907 -0.749502 -0.724931 -0.701164 -0.678178 -0.655944 -0.63444 -0.61364 -0.593523 -0.574065 
-0.842383 -0.814767 -0.788056 -0.76222 -0.737231 -0.713062 -0.689685 -0.667075 -0.645205 -0.624053 
-0.746293 -0.721827 -0.698163 -0.675274 -0.653136 -0.631724 -0.611013 -0.590982 -0.571607 -0.552868 
-0.515347 -0.498452 -0.48211 -0.466305 -0.451018 -0.436231 -0.42193 -0.408098 -0.394719 -0.381778 
