-2.5662 -2.48207 -2.4007 -2.32199 -2.24587 -2.17224 -2.10103 -2.03215 -1.96552 -1.90109 
-2.24093 -2.16747 -2.09641 -2.02768 -1.96121 -1.89691 -1.83472 -1.77457 -1.7164 -1.66013 
-1.5131 -1.46349 -1.41551 -1.36911 -1.32422 -1.28081 -1.23882 -1.19821 -1.15893 -1.12093 
-0.546219 -0.528312 -0.510992 -0.49424 -0.478037 -0.462365 -0.447207 -0.432545 -0.418365 -0.404649 
0.461541 0.44641 0.431775 0.41762 0.403929 0.390686 0.377878 0.36549 0.353508 0.341918 
1.31707 1.2739 1.23213 1.19174 1.15267 1.11488 1.07833 1.04298 1.00878 0.975713 
1.8685 1.80724 1.74799 1.69069 1.63526 1.58165 1.5298 1.47964 1.43114 1.38422 
2.0312 1.96461 1.9002 1.83791 1.77765 1.71938 1.66301 1.60849 1.55575 1.50475 
1.7995 1.74051 1.68345 1.62826 1.57488 1.52325 1.47331 1.42501 1.37829 1.3331 
1.24263 1.20189 1.16249 1.12438 1.08752 1.05187 1.01738 0.984028 0.951767 0.920565 
