2.94813 2.85148 2.758 2.66758 2.58013 2.49554 2.41373 2.3346 2.25806 2.18403 
2.57446 2.49006 2.40842 2.32947 2.2531 2.17923 2.10779 2.03869 1.97185 1.90721 
1.7383 1.68131 1.62619 1.57288 1.52131 1.47144 1.4232 1.37654 1.33141 1.28776 
0.627515 0.606943 0.587045 0.567799 0.549184 0.53118 0.513766 0.496923 0.480632 0.464875 
-0.530234 -0.512851 -0.496037 -0.479775 -0.464047 -0.448833 -0.434119 -0.419887 -0.406121 -0.392807 
-1.5131 -1.46349 -1.41551 -1.36911 -1.32422 -1.28081 -1.23882 -1.19821 -1.15893 -1.12093 
-2.14659 -2.07622 -2.00815 -1.94232 -1.87864 -1.81705 -1.75748 -1.69986 -1.64414 -1.59023 
-2.33351 -2.25701 -2.18302 -2.11145 -2.04223 -1.97527 -1.91052 -1.84788 -1.7873 -1.72871 
-2.06733 -1.99955 -1.934 -1.8706 -1.80927 -1.74996 -1.69259 -1.6371 -1.58343 -1.53152 
-1.42758 -1.38078 -1.33551 -1.29173 -1.24938 -1.20842 -1.1688 -1.13048 -1.09342 -1.05758 
