                   0             1.15402
            0.912261             1.37052
             1.15134             1.40026
             1.32022             1.45422
             1.45561             1.61425
             1.57076             1.64725
             1.67213             1.68845
             1.76344             1.74248
             1.84702             1.76606
             1.92446             1.80237
              1.9969              1.8372
             2.06518             1.87383
             2.12992             1.95724
             2.19164             1.99163
             2.25073             2.04166
             2.30752             2.06076
             2.36227             2.10746
             2.41522             2.13331
             2.46656             2.15683
             2.51644             2.22303
             2.56501             2.31644
             2.61239             2.34933
              2.6587             2.40194
             2.70402             2.41804
             2.74844             2.46807
             2.79204             2.50642
             2.83488             2.53251
             2.87704             2.58397
             2.91855             2.61491
             2.95949             2.62716
             2.99988             2.64416
             3.03979             2.66931
             3.07924             2.74231
             3.11827             2.77294
             3.15693             2.80677
             3.19524             2.83492
             3.23324             2.84718
             3.27095             2.87151
              3.3084             2.89026
             3.34563             2.91959
             3.38264             3.00287
             3.41948             3.01528
             3.45616             3.02502
             3.49271             3.03341
             3.52915               3.046
              3.5655             3.08961
             3.60178             3.10019
             3.63801             3.13087
             3.67422             3.17067
             3.71043             3.22235
             3.74665             3.23907
             3.78291             3.29239
             3.81924             3.32217
             3.85564             3.34206
             3.89215             3.35142
             3.92878             3.39024
             3.96556             3.46566
             4.00251             3.52182
             4.03966             3.54689
             4.07703             3.60328
             4.11465             3.67027
             4.15255             3.69278
             4.19075             3.70584
             4.22928             3.79641
             4.26818             3.84462
             4.30748              3.8923
             4.34722             3.92477
             4.38743             3.98944
             4.42817             4.04857
             4.46946             4.12045
             4.51137              4.2134
             4.55395             4.25661
             4.59725             4.27513
             4.64133             4.48021
             4.68628             4.53939
             4.73217             4.64196
             4.77907             4.75813
              4.8271             4.80123
             4.87637             4.85536
             4.92698             4.93277
              4.9791             4.98089
             5.03288             5.10731
             5.08851             5.20965
             5.14622             5.56725
             5.20626             5.79756
             5.26895             5.91096
             5.33467             6.15835
             5.40388             6.26636
             5.47715             6.42479
             5.55523             6.47894
             5.63906             6.56979
             5.72992             6.64531
             5.82955              6.7318
              5.9405             7.20937
             6.06659             7.33483
             6.21411               7.913
             6.39452             8.46226
             6.63271             9.00564
             7.00426             11.0818
                 inf             13.7311
