-3.95761 -3.82786 -3.70237 -3.58099 -3.46359 -3.35004 -3.24022 -3.13399 -3.03124 -2.93187 
-3.45598 -3.34268 -3.2331 -3.1271 -3.02459 -2.92543 -2.82952 -2.73676 -2.64704 -2.56026 
-2.33351 -2.25701 -2.18302 -2.11145 -2.04223 -1.97527 -1.91052 -1.84788 -1.7873 -1.72871 
-0.842383 -0.814767 -0.788056 -0.76222 -0.737231 -0.713062 -0.689685 -0.667075 -0.645205 -0.624053 
0.711792 0.688457 0.665887 0.644056 0.622942 0.602519 0.582766 0.563661 0.545182 0.527309 
2.0312 1.96461 1.9002 1.83791 1.77765 1.71938 1.66301 1.60849 1.55576 1.50475 
2.88161 2.78714 2.69577 2.60739 2.52191 2.43923 2.35926 2.28192 2.20711 2.13475 
3.13253 3.02984 2.93051 2.83443 2.74151 2.65163 2.5647 2.48062 2.3993 2.32064 
2.77521 2.68422 2.59623 2.51111 2.42879 2.34916 2.27215 2.19766 2.12561 2.05592 
1.9164 1.85357 1.7928 1.73403 1.67718 1.62219 1.56901 1.51757 1.46782 1.4197 
