-2.42115 -2.34178 -2.26501 -2.19075 -2.11893 -2.04946 -1.98227 -1.91729 -1.85443 -1.79364 
-2.11427 -2.04496 -1.97792 -1.91307 -1.85036 -1.78969 -1.73102 -1.67427 -1.61938 -1.56629 
-1.42758 -1.38078 -1.33551 -1.29173 -1.24938 -1.20842 -1.1688 -1.13048 -1.09342 -1.05758 
-0.515347 -0.498451 -0.48211 -0.466305 -0.451018 -0.436231 -0.42193 -0.408098 -0.394719 -0.381778 
0.435454 0.421179 0.407371 0.394015 0.381098 0.368604 0.35652 0.344832 0.333527 0.322593 
1.24263 1.20189 1.16249 1.12438 1.08752 1.05187 1.01738 0.984028 0.951767 0.920565 
1.76289 1.70509 1.64919 1.59513 1.54283 1.49225 1.44333 1.39601 1.35025 1.30598 
1.9164 1.85357 1.7928 1.73403 1.67718 1.62219 1.56901 1.51757 1.46782 1.4197 
1.69779 1.64213 1.5883 1.53623 1.48586 1.43715 1.39004 1.34447 1.30039 1.25776 
1.1724 1.13396 1.09679 1.06083 1.02605 0.992413 0.959878 0.928409 0.897972 0.868533 
