                   0         5.00577e-12
            0.196055            0.100601
            0.277973            0.174454
            0.341326            0.197757
            0.395156            0.215984
            0.442959            0.223984
            0.486524            0.257451
            0.526912            0.279635
            0.564814            0.289767
            0.600708            0.308899
            0.634943            0.329067
            0.667783            0.352188
            0.699431            0.376671
             0.73005            0.393311
            0.759773            0.406361
            0.788709            0.433393
            0.816948            0.470911
            0.844568            0.487276
            0.871637            0.504893
            0.898211            0.527244
            0.924342             0.55502
            0.950073            0.574601
            0.975444             0.59435
             1.00049            0.610954
             1.02525            0.631378
             1.04974            0.643154
             1.07399            0.662669
             1.09804            0.671993
             1.12189            0.686127
             1.14557            0.728176
             1.16911            0.768713
             1.19251            0.789363
              1.2158            0.814041
               1.239            0.831881
             1.26211            0.855926
             1.28515            0.889121
             1.30814            0.917002
              1.3311            0.937085
             1.35403            0.944855
             1.37694            0.963735
             1.39986            0.990989
             1.42279             1.01548
             1.44574             1.04407
             1.46873             1.07946
             1.49178             1.10438
             1.51488             1.13921
             1.53806             1.16006
             1.56133             1.19283
              1.5847             1.23218
             1.60818             1.25835
             1.63179             1.28035
             1.65554             1.30928
             1.67944             1.34528
             1.70351             1.39031
             1.72776             1.43873
             1.75221             1.45741
             1.77687             1.47346
             1.80176             1.50428
             1.82691             1.55402
             1.85232             1.62092
             1.87801             1.66132
             1.90402             1.71366
             1.93035             1.77118
             1.95703             1.78904
              1.9841             1.82554
             2.01156             1.87532
             2.03946             1.91767
             2.06783              1.9632
             2.09669             2.00081
             2.12609              2.0471
             2.15606             2.09661
             2.18666             2.14881
             2.21792             2.18753
              2.2499             2.24352
             2.28266             2.32486
             2.31627             2.42519
             2.35079             2.51907
             2.38632             2.58311
             2.42294              2.6312
             2.46077              2.7158
             2.49991             2.75382
             2.54053             2.81528
             2.58277              2.9518
             2.62683             3.05015
             2.67293             3.15125
             2.72135             3.25325
             2.77243             3.35568
             2.82655             3.43918
             2.88424             3.58121
             2.94613             3.74843
             3.01307             3.87969
             3.08618             4.09433
             3.16703             4.33776
             3.25787             4.64352
             3.36214             4.85586
             3.48551              5.0574
              3.6384             5.40894
             3.84358             6.05885
             4.17102             6.67864
                 inf             8.85886
