5 4.83608 4.67754 4.52419 4.37587 4.23241 4.09365 3.95945 3.82964 3.70409 
4.36625 4.22311 4.08466 3.95075 3.82123 3.69595 3.57479 3.45759 3.34424 3.2346 
2.94813 2.85148 2.758 2.66758 2.58013 2.49554 2.41373 2.3346 2.25806 2.18403 
1.06426 1.02937 0.995621 0.962981 0.93141 0.900875 0.871341 0.842775 0.815145 0.788422 
-0.899271 -0.869789 -0.841274 -0.813694 -0.787018 -0.761216 -0.73626 -0.712123 -0.688777 -0.666196 
-2.5662 -2.48207 -2.4007 -2.32199 -2.24587 -2.17224 -2.10103 -2.03215 -1.96552 -1.90109 
-3.6406 -3.52124 -3.4058 -3.29415 -3.18615 -3.0817 -2.98067 -2.88295 -2.78844 -2.69702 
-3.95761 -3.82786 -3.70237 -3.58099 -3.46359 -3.35004 -3.24022 -3.13399 -3.03124 -2.93187 
-3.50617 -3.39122 -3.28004 -3.17251 -3.0685 -2.96791 -2.87061 -2.7765 -2.68547 -2.59743 
-2.42115 -2.34178 -2.26501 -2.19075 -2.11893 -2.04946 -1.98227 -1.91729 -1.85443 -1.79364 
