-0.899271 -0.869789 -0.841274 -0.813694 -0.787018 -0.761216 -0.73626 -0.712123 -0.688777 -0.666196 
-0.785289 -0.759544 -0.734643 -0.710559 -0.687264 -0.664732 -0.64294 -0.621862 -0.601475 -0.581756 
-0.530234 -0.512851 -0.496038 -0.479775 -0.464047 -0.448833 -0.434119 -0.419887 -0.406121 -0.392807 
-0.191411 -0.185136 -0.179067 -0.173196 -0.167518 -0.162026 -0.156714 -0.151577 -0.146607 -0.141801 
0.161738 0.156435 0.151307 0.146346 0.141548 0.136908 0.132419 0.128078 0.123879 0.119818 
0.461541 0.44641 0.431775 0.41762 0.403929 0.390686 0.377878 0.36549 0.353508 0.341918 
0.654776 0.63331 0.612548 0.592466 0.573043 0.554256 0.536085 0.51851 0.501512 0.48507 
0.711792 0.688457 0.665887 0.644056 0.622941 0.602519 0.582766 0.563661 0.545182 0.527309 
0.630598 0.609925 0.589929 0.570589 0.551883 0.53379 0.51629 0.499364 0.482993 0.467159 
0.435455 0.421179 0.407371 0.394015 0.381098 0.368604 0.35652 0.344832 0.333527 0.322593 
