                   0         5.00577e-12
            0.144894            0.127762
            0.205436            0.160911
            0.252257            0.189668
             0.29204            0.217071
            0.327369            0.242168
            0.359565            0.262753
            0.389414            0.283738
            0.417425            0.306028
            0.443953            0.328987
            0.469254            0.346809
            0.493524            0.365839
            0.516914            0.387529
            0.539543            0.405916
             0.56151            0.426425
            0.582895            0.446518
            0.603765            0.466417
            0.624178            0.483993
            0.644183            0.505602
            0.663822            0.522451
            0.683134            0.538848
            0.702151             0.56082
            0.720901            0.578771
            0.739413            0.595007
            0.757708            0.611912
            0.775808            0.633825
            0.793734            0.650803
            0.811503            0.668224
            0.829132            0.686132
            0.846636            0.704844
             0.86403             0.72403
            0.881327            0.738815
             0.89854            0.753044
             0.91568            0.771153
            0.932761            0.789848
            0.949792             0.81031
            0.966784            0.830619
            0.983747            0.850494
             1.00069            0.867723
             1.01763            0.887015
             1.03456            0.905163
             1.05151            0.922028
             1.06847            0.941876
             1.08547            0.957186
              1.1025            0.979385
             1.11957            0.995809
              1.1367              1.0146
              1.1539             1.03625
             1.17117             1.05407
             1.18852             1.07503
             1.20597              1.0954
             1.22352             1.12038
             1.24119             1.14214
             1.25898             1.16456
              1.2769              1.1843
             1.29497             1.20695
              1.3132             1.23172
             1.33159             1.25658
             1.35018              1.2801
             1.36895             1.30557
             1.38794             1.32936
             1.40716             1.35442
             1.42662             1.38025
             1.44634             1.40763
             1.46635             1.43804
             1.48664             1.46483
             1.50726             1.49245
             1.52823             1.51887
             1.54956             1.54582
             1.57129             1.57671
             1.59344              1.6073
             1.61605             1.64414
             1.63915             1.67911
             1.66279             1.71635
               1.687             1.75069
             1.71184             1.78091
             1.73735             1.81318
             1.76361             1.85282
             1.79067             1.89265
             1.81863             1.94336
             1.84756             1.98583
             1.87757             2.03263
             1.90879             2.07569
             1.94135             2.11935
             1.97543             2.17264
             2.01121             2.22552
             2.04896             2.27797
             2.08896             2.33808
             2.13159             2.40275
             2.17733             2.48157
             2.22681             2.56084
             2.28084             2.63683
             2.34059             2.71416
             2.40772              2.8089
             2.48479             2.90981
             2.57597             3.03609
             2.68896             3.18793
             2.84059             3.36027
             3.08259             3.74498
                 inf             6.03943
