4.36625 4.22311 4.08466 3.95075 3.82123 3.69595 3.57479 3.45759 3.34424 3.2346 
3.81283 3.68783 3.56693 3.45 3.33689 3.22749 3.12168 3.01934 2.92036 2.82462 
2.57446 2.49006 2.40843 2.32947 2.2531 2.17923 2.10779 2.03869 1.97185 1.90721 
0.929364 0.898896 0.869427 0.840923 0.813355 0.78669 0.760899 0.735954 0.711826 0.68849 
-0.785289 -0.759544 -0.734643 -0.710559 -0.687264 -0.664732 -0.64294 -0.621862 -0.601475 -0.581756 
-2.24093 -2.16747 -2.09641 -2.02768 -1.96121 -1.89691 -1.83472 -1.77457 -1.7164 -1.66013 
-3.17915 -3.07493 -2.97412 -2.87662 -2.78231 -2.69109 -2.60287 -2.51754 -2.435 -2.35517 
-3.45598 -3.34268 -3.2331 -3.1271 -3.02459 -2.92543 -2.82952 -2.73676 -2.64704 -2.56026 
-3.06176 -2.96139 -2.8643 -2.7704 -2.67957 -2.59173 -2.50676 -2.42458 -2.34509 -2.26821 
-2.11427 -2.04496 -1.97792 -1.91307 -1.85036 -1.78969 -1.73102 -1.67427 -1.61938 -1.56629 
