                -inf           -0.233853
           -0.117723           -0.117965
           -0.103887           -0.104053
          -0.0951058          -0.0951161
          -0.0884993          -0.0884237
          -0.0831245          -0.0830153
           -0.078549           -0.078463
          -0.0745366          -0.0744288
          -0.0709435          -0.0708583
          -0.0676753          -0.0675451
          -0.0646666          -0.0645551
          -0.0618699          -0.0617977
          -0.0592498           -0.059237
          -0.0567792          -0.0567669
          -0.0544366          -0.0544703
          -0.0522048          -0.0522662
          -0.0500699          -0.0501425
          -0.0480204          -0.0480808
          -0.0460465          -0.0461106
            -0.04414          -0.0442299
          -0.0422941           -0.042337
          -0.0405026          -0.0405851
          -0.0387604          -0.0388236
          -0.0370628          -0.0371055
          -0.0354057          -0.0354285
          -0.0337857          -0.0338634
          -0.0321995          -0.0322258
          -0.0306442          -0.0306652
          -0.0291173          -0.0291864
          -0.0276163          -0.0276332
          -0.0261392          -0.0261808
           -0.024684          -0.0247297
          -0.0232488          -0.0232708
           -0.021832          -0.0218088
          -0.0204321          -0.0204495
          -0.0190476          -0.0190384
          -0.0176772          -0.0176742
          -0.0163195          -0.0163249
          -0.0149735          -0.0150038
           -0.013638          -0.0136593
          -0.0123119          -0.0123291
          -0.0109941           -0.011025
         -0.00968374         -0.00973453
         -0.00837981         -0.00847984
         -0.00708141         -0.00721206
         -0.00578764         -0.00589848
         -0.00449763         -0.00460135
         -0.00321053         -0.00332016
         -0.00192549         -0.00204155
        -0.000641694        -0.000739987
         0.000641691         0.000530326
          0.00192549          0.00181934
          0.00321053          0.00311372
          0.00449763          0.00437635
          0.00578764            0.005661
          0.00708141          0.00696236
          0.00837981          0.00827915
          0.00968374          0.00957142
           0.0109941           0.0108484
           0.0123119           0.0121678
            0.013638           0.0134838
           0.0149735           0.0148353
           0.0163195           0.0161396
           0.0176772           0.0175156
           0.0190476           0.0188967
           0.0204321           0.0202495
            0.021832           0.0216401
           0.0232488           0.0230533
            0.024684           0.0244577
           0.0261392           0.0259256
           0.0276163           0.0273836
           0.0291173           0.0288715
           0.0306443            0.030398
           0.0321995            0.031978
           0.0337857            0.033553
           0.0354057           0.0351771
           0.0370628           0.0368519
           0.0387604           0.0385583
           0.0405026           0.0403144
           0.0422941           0.0420843
             0.04414           0.0438943
           0.0460465           0.0458202
           0.0480204             0.04779
           0.0500699           0.0498254
           0.0522048           0.0519656
           0.0544365           0.0542395
           0.0567792           0.0565994
           0.0592498           0.0590399
           0.0618699           0.0616396
           0.0646666           0.0643459
           0.0676754           0.0675209
           0.0709435           0.0708805
           0.0745366           0.0743819
            0.078549           0.0782187
           0.0831245           0.0827719
           0.0884993           0.0881249
           0.0951059           0.0947655
            0.103887            0.103857
            0.117723            0.117593
                 inf            0.223291
